1	3
2	3
3	3
4	3
5	3
6	3
7	3
8	3
9	3
10	3
11	3
12	4
13	3
14	3
15	3
16	3
17	3
18	2
19	3
20	3
21	2
22	4
23	4
24	3
25	3
26	3
27	3
28	3
29	2
30	3
31	3
32	3
33	3
34	2
35	2
36	2
37	2
38	3
39	3
40	2
41	3
42	3
43	3
44	3
45	4
46	3
47	3
48	4
49	3
50	4
51	3
52	3
53	2
54	3
55	3
56	4
57	4
58	3
59	4
60	4
61	3
62	3
63	3
64	4
65	3
66	3
67	3
68	3
69	3
70	3
71	3
72	3
73	3
74	3
75	3
76	3
77	3
78	2
79	4
80	2
81	3
82	3
83	4
84	3
85	3
86	3
87	3
88	3
89	4
90	3
91	3
92	3
93	3
94	3
95	3
96	4
97	3
98	4
99	3
100	4
101	3
102	3
103	1
104	1
105	2
106	2
107	3
108	3
109	3
110	2
111	3
112	2
113	4
114	4
115	3
116	3
117	3
118	3
119	4
120	2
121	3
122	2
123	3
124	4
125	3
126	3
127	4
128	3
129	3
130	2
131	3
132	4
133	3
134	4
135	3
136	4
137	3
138	2
139	2
140	3
141	3
142	3
143	3
144	3
145	2
146	2
147	3
148	3
149	3
150	3
151	3
152	3
153	3
154	3
155	3
156	3
157	3
158	2
159	3
160	3
161	3
162	3
163	3
164	3
165	4
166	4
167	2
168	4
169	4
170	4
171	3
172	4
173	4
174	4
175	3
176	3
177	3
178	4
179	3
180	4
181	4
182	3
183	4
184	3
185	4
186	3
187	4
188	3
189	4
190	4
191	4
192	4
193	3
194	4
195	3
196	3
197	4
198	4
199	4
200	3
201	3
202	3
203	3
204	3
205	3
206	3
207	3
208	3
209	3
210	3
211	3
212	3
213	3
214	3
215	3
216	3
217	3
218	3
219	3
220	3
221	3
222	3
223	4
224	3
225	2
226	3
227	3
228	3
229	3
230	3
231	2
232	3
233	3
234	3
235	2
236	3
237	3
238	3
239	3
240	2
241	3
242	3
243	2
244	3
245	3
246	3
247	1
248	3
249	3
250	3
251	4
252	2
253	3
254	2
255	3
256	3
257	3
258	3
259	2
260	2
261	2
262	3
263	2
264	2
265	3
266	2
267	3
268	3
269	3
270	3
271	3
272	4
273	3
274	3
275	4
276	3
277	3
278	3
279	3
280	3
281	3
282	3
283	3
284	3
285	4
286	3
287	3
288	3
289	2
290	3
291	3
292	3
293	3
294	3
295	3
296	3
297	3
298	3
299	2
300	3
301	3
302	4
303	3
304	3
305	3
306	3
307	3
308	2
309	2
310	3
311	3
312	3
313	4
314	1
315	4
316	4
317	3
318	4
319	3
320	4
321	3
322	3
323	2
324	3
325	2
326	3
327	3
328	3
329	3
330	3
331	3
332	3
333	3
334	3
335	2
336	2
337	3
338	2
339	3
340	3
341	3
342	2
343	3
344	3
345	3
346	3
347	3
348	3
349	2
350	3
351	2
352	2
353	2
354	3
355	2
356	3
357	4
358	2
359	3
360	3
361	3
362	2
363	2
364	2
365	3
366	3
367	3
368	1
369	2
370	2
371	3
372	3
373	2
374	2
375	1
376	2
377	2
378	3
379	2
380	3
381	3
382	3
383	2
384	2
385	3
386	2
387	3
388	2
389	3
390	3
391	2
392	3
393	3
394	3
395	2
396	2
397	2
398	2
399	3
400	2
401	2
402	3
403	3
404	3
405	3
406	2
407	2
408	4
409	3
410	3
411	2
412	2
413	2
414	3
415	2
416	3
417	3
418	3
419	3
420	3
421	3
422	2
423	3
424	1
425	3
426	2
427	4
428	3
429	3
430	4
431	3
432	3
433	3
434	3
435	3
436	3
437	1
438	1
439	1
440	1
441	2
442	1
443	3
444	2
445	3
446	2
447	3
448	3
449	3
450	2
451	3
452	2
453	1
454	2
455	3
456	2
457	1
458	3
459	3
460	3
461	3
462	3
463	3
464	3
465	3
466	3
467	3
468	3
469	3
470	3
471	3
472	3
473	3
474	4
475	3
476	3
477	3
478	4
479	4
480	4
481	3
482	3
483	4
484	4
485	3
486	3
487	4
488	4
489	4
490	4
491	3
492	3
493	4
494	4
495	3
496	4
497	3
498	4
499	3
500	3
501	3
502	3
503	3
504	3
505	4
506	3
507	3
508	3
509	3
510	3
511	4
512	4
513	4
514	3
515	4
516	3
517	3
518	3
519	4
520	4
521	3
522	3
523	3
524	4
525	4
526	3
527	4
528	4
529	3
530	4
531	3
532	3
533	3
534	3
535	3
536	3
537	3
538	3
539	2
540	2
541	2
542	2
543	3
544	3
545	1
546	3
547	3
548	2
549	3
550	3
551	2
552	2
553	3
554	2
555	2
556	2
557	3
558	3
559	3
560	2
561	3
562	3
563	2
564	2
565	2
566	3
567	2
568	3
569	2
570	3
571	2
572	2
573	2
574	2
575	2
576	3
577	2
578	3
579	2
580	3
581	3
582	3
583	3
584	3
585	2
586	2
587	3
588	3
589	4
590	2
591	3
592	3
593	3
594	2
595	3
596	3
597	3
598	2
599	1
600	3
601	4
602	3
603	4
604	4
605	3
606	4
607	3
608	3
609	3
610	3
611	4
612	3
613	4
614	3
615	4
616	3
617	3
618	3
619	3
620	3
621	2
622	3
623	2
624	3
625	3
626	3
627	3
628	3
629	3
630	3
631	3
632	3
633	4
634	3
635	2
636	3
637	3
638	3
639	3
640	3
641	4
642	3
643	3
644	3
645	3
646	3
647	4
648	4
649	3
650	3
651	4
652	3
653	3
654	4
655	3
656	4
657	4
658	3
659	4
660	3
661	4
662	3
663	3
664	3
665	2
666	2
667	2
668	2
669	1
670	3
671	3
672	2
673	3
674	2
675	3
676	3
677	3
678	2
679	3
680	2
681	2
682	3
683	2
684	3
685	3
686	3
687	2
688	1
689	3
690	3
691	3
692	3
693	3
694	4
695	2
696	3
697	3
698	3
699	3
700	2
701	4
702	3
703	3
704	3
705	3
706	2
707	3
708	3
709	4
710	3
711	4
712	3
713	3
714	3
715	3
716	3
717	2
718	3
719	2
720	3
721	3
722	2
723	3
724	3
725	2
726	2
727	3
728	3
729	3
730	3
731	3
732	3
733	3
734	2
735	3
736	3
737	2
738	2
739	3
740	3
741	3
742	3
743	1
744	3
745	3
746	3
747	3
748	3
749	3
750	3
751	3
752	3
753	3
754	3
755	3
756	2
757	2
758	1
759	2
760	2
761	3
762	3
763	3
764	2
765	2
766	3
767	2
768	3
769	2
770	3
771	2
772	3
773	2
774	2
775	2
776	3
777	1
778	3
779	2
780	3
781	3
782	2
783	2
784	1
785	3
786	2
787	3
788	1
789	3
790	2
791	2
792	3
793	3
794	3
795	2
796	3
797	3
798	2
799	3
800	2
801	2
802	2
803	2
804	2
805	3
806	3
807	2
808	2
809	2
810	2
811	3
812	3
813	3
814	5
815	3
816	2
817	2
818	2
819	2
820	2
821	3
822	3
823	2
824	2
825	3
826	2
827	2
828	2
829	2
830	1
831	2
832	2
833	3
834	2
835	3
836	3
837	3
838	2
839	2
840	2
841	2
842	3
843	3
844	3
845	3
846	3
847	3
848	3
849	2
850	4
851	3
852	1
853	3
854	3
855	3
856	3
857	3
858	1
859	2
860	2
861	2
862	2
863	3
864	3
865	3
866	3
867	4
868	3
869	3
870	2
871	2
872	3
873	2
874	3
875	2
876	2
877	2
878	2
879	3
880	3
881	2
882	3
883	3
884	3
885	2
886	3
887	3
888	3
889	3
890	1
891	2
892	2
893	2
894	1
895	3
896	3
897	1
898	3
899	3
900	3
901	1
902	3
903	3
904	3
905	3
906	3
907	2
908	2
909	3
910	2
911	2
912	3
913	2
914	2
915	3
916	3
917	3
918	3
919	3
920	2
921	3
922	3
923	4
924	3
925	3
926	2
927	3
928	3
929	2
930	2
931	2
932	2
933	2
934	2
935	3
936	3
937	3
938	2
939	3
940	2
941	3
942	3
943	3
944	3
945	3
946	3
947	3
948	2
949	3
950	2
951	2
952	3
953	3
954	3
955	3
956	3
957	2
958	3
959	3
960	3
961	3
962	3
963	4
964	3
965	3
966	4
967	3
968	3
969	3
970	3
971	3
972	3
973	3
974	3
975	3
976	1
977	2
978	2
979	3
980	3
981	1
982	2
983	2
984	2
985	2
986	2
987	2
988	2
989	2
990	3
991	2
992	3
993	3
994	2
995	3
996	2
997	2
998	2
999	2
1000	3
1001	2
1002	1
1003	2
1004	3
1005	3
1006	2
1007	4
1008	3
1009	3
1010	3
1011	3
1012	3
1013	2
1014	3
1015	2
1016	3
1017	3
1018	3
1019	3
1020	3
1021	3
1022	3
1023	2
1024	3
1025	2
1026	2
1027	2
1028	3
1029	2
1030	2
1031	2
1032	2
1033	2
1034	2
1035	3
1036	2
1037	2
1038	2
1039	4
1040	2
1041	3
1042	3
1043	3
1044	3
1045	3
1046	3
1047	2
1048	3
1049	2
1050	3
1051	3
1052	2
1053	3
1054	2
1055	3
1056	3
1057	2
1058	3
1059	2
1060	3
1061	2
1062	3
1063	3
1064	4
1065	3
1066	3
1067	3
1068	3
1069	3
1070	3
1071	2
1072	2
1073	3
1074	2
1075	3
1076	2
1077	3
1078	2
1079	2
1080	4
1081	2
1082	2
1083	2
1084	3
1085	3
1086	3
1087	1
1088	2
1089	2
1090	2
1091	2
1092	2
1093	3
1094	2
1095	2
1096	2
1097	3
1098	3
1099	3
1100	2
1101	3
1102	2
1103	3
1104	3
1105	2
1106	3
1107	3
1108	2
1109	3
1110	2
1111	3
1112	2
1113	3
1114	3
1115	3
1116	3
1117	3
1118	3
1119	3
1120	3
1121	3
1122	5
1123	3
1124	3
1125	4
1126	3
1127	2
1128	2
1129	3
1130	4
1131	4
1132	2
1133	2
1134	3
1135	2
1136	3
1137	3
1138	3
1139	2
1140	2
1141	3
1142	4
1143	4
1144	3
1145	2
1146	2
1147	3
1148	3
1149	3
1150	3
1151	2
1152	3
1153	3
1154	3
1155	3
1156	3
1157	2
1158	4
1159	3
1160	3
1161	2
1162	1
1163	2
1164	2
1165	1
1166	3
1167	3
1168	3
1169	4
1170	3
1171	3
1172	3
1173	2
1174	3
1175	3
1176	3
1177	1
1178	2
1179	2
1180	2
1181	2
1182	2
1183	2
1184	2
1185	2
1186	3
1187	3
1188	2
1189	5
1190	3
1191	4
1192	3
1193	3
1194	4
1195	3
1196	3
1197	3
1198	3
1199	2
1200	3
1201	5
1202	3
1203	4
1204	3
1205	3
1206	2
1207	2
1208	2
1209	2
1210	2
1211	3
1212	2
1213	2
1214	2
1215	1
1216	3
1217	2
1218	3
1219	2
1220	3
1221	3
1222	2
1223	3
1224	2
1225	2
1226	3
1227	2
1228	2
1229	2
1230	1
1231	2
1232	2
1233	3
1234	2
1235	4
1236	3
1237	3
1238	3
1239	2
1240	3
1241	2
1242	2
1243	3
1244	2
1245	3
1246	1
1247	1
1248	3
1249	2
1250	1
1251	4
1252	3
1253	2
1254	1
1255	2
1256	2
1257	1
1258	2
1259	2
1260	2
1261	3
1262	3
1263	2
1264	3
1265	3
1266	3
1267	3
1268	3
1269	3
1270	2
1271	2
1272	1
1273	2
1274	1
1275	2
1276	2
1277	3
1278	3
1279	2
1280	2
1281	3
1282	3
1283	2
1284	2
1285	3
1286	3
1287	1
1288	3
1289	2
1290	1
1291	2
1292	1
1293	5
1294	3
1295	2
1296	3
1297	2
1298	3
1299	3
1300	2
1301	3
1302	3
1303	2
1304	2
1305	2
1306	3
1307	1
1308	1
1309	1
1310	3
1311	2
1312	3
1313	3
1314	2
1315	3
1316	2
1317	2
1318	1
1319	1
1320	1
1321	2
1322	2
1323	2
1324	2
1325	1
1326	3
1327	2
1328	3
1329	1
1330	2
1331	3
1332	2
1333	2
1334	1
1335	2
1336	1
1337	2
1338	2
1339	1
1340	1
1341	1
1342	2
1343	1
1344	3
1345	2
1346	2
1347	2
1348	1
1349	1
1350	1
1351	2
1352	1
1353	2
1354	1
1355	2
1356	2
1357	2
1358	3
1359	1
1360	1
1361	2
1362	2
1363	1
1364	1
1365	1
1366	1
1367	4
1368	3
1369	2
1370	2
1371	1
1372	3
1373	1
1374	1
1375	3
1376	2
1377	3
1378	2
1379	2
1380	2
1381	3
1382	2
1383	2
1384	1
1385	2
1386	2
1387	2
1388	3
1389	3
1390	2
1391	2
1392	2
1393	2
1394	2
1395	2
1396	4
1397	3
1398	4
1399	2
1400	3
1401	3
1402	2
1403	2
1404	3
1405	3
1406	3
1407	2
1408	1
1409	2
1410	2
1411	2
1412	1
1413	2
1414	2
1415	2
1416	2
1417	2
1418	3
1419	2
1420	1
1421	3
1422	2
1423	2
1424	2
1425	2
1426	3
1427	2
1428	3
1429	2
1430	2
1431	3
1432	1
1433	2
1434	2
1435	2
1436	2
1437	2
1438	2
1439	3
1440	3
1441	2
1442	2
1443	3
1444	2
1445	2
1446	3
1447	3
1448	3
1449	4
1450	4
1451	3
1452	4
1453	2
1454	3
1455	2
1456	3
1457	3
1458	4
1459	3
1460	3
1461	2
1462	3
1463	3
1464	2
1465	2
1466	4
1467	5
1468	3
1469	3
1470	2
1471	2
1472	3
1473	3
1474	2
1475	2
1476	2
1477	2
1478	2
1479	2
1480	2
1481	3
1482	4
1483	3
1484	2
1485	3
1486	1
1487	2
1488	3
1489	2
1490	3
1491	3
1492	4
1493	1
1494	1
1495	3
1496	2
1497	3
1498	4
1499	3
1500	5
1501	3
1502	1
1503	3
1504	3
1505	4
1506	3
1507	3
1508	2
1509	1
1510	3
1511	3
1512	4
1513	2
1514	3
1515	4
1516	4
1517	2
1518	3
1519	3
1520	3
1521	3
1522	2
1523	3
1524	4
1525	4
1526	4
1527	2
1528	2
1529	2
1530	2
1531	3
1532	2
1533	4
1534	2
1535	3
1536	5
1537	4
1538	3
1539	1
1540	2
1541	3
1542	3
1543	3
1544	2
1545	2
1546	1
1547	3
1548	1
1549	1
1550	3
1551	2
1552	2
1553	2
1554	3
1555	2
1556	2
1557	1
1558	3
1559	1
1560	2
1561	1
1562	1
1563	1
1564	1
1565	1
1566	1
1567	1
1568	1
1569	1
1570	1
1571	1
1572	1
1573	2
1574	1
1575	1
1576	1
1577	1
1578	2
1579	1
1580	1
1581	1
1582	1
1583	1
1584	1
1585	2
1586	1
1587	1
1588	2
1589	3
1590	2
1591	3
1592	3
1593	4
1594	4
1595	2
1596	2
1597	3
1598	2
1599	5
1600	3
1601	1
1602	3
1603	3
1604	4
1605	3
1606	2
1607	3
1608	2
1609	1
1610	2
1611	3
1612	3
1613	4
1614	3
1615	3
1616	4
1617	3
1618	1
1619	3
1620	3
1621	1
1622	2
1623	4
1624	2
1625	4
1626	1
1627	3
1628	3
1629	4
1630	3
1631	3
1632	3
1633	3
1634	2
1635	3
1636	4
1637	3
1638	3
1639	4
1640	3
1641	3
1642	4
1643	3
1644	1
1645	4
1646	3
1647	3
1648	2
1649	3
1650	4
1651	4
1652	1
1653	5
1654	1
1655	2
1656	3
1657	3
1658	3
1659	1
1660	2
1661	1
1662	2
1663	2
1664	3
1665	2
1666	2
1667	3
1668	3
1669	2
1670	3
1671	1
1672	2
1673	3
1674	4
1675	3
1676	2
1677	3
1678	1
1679	3
1680	2
1681	3
1682	3
